0.08284839350081893,-0.09293677501922572
