0.08806789382805955,-0.19821800276626594
